4.000000000000000000e+00
1.000000000000000000e+01
1.600000000000000000e+01
1.900000000000000000e+01
2.200000000000000000e+01
6.700000000000000000e+01
7.500000000000000000e+01
7.700000000000000000e+01
8.400000000000000000e+01
1.000000000000000000e+02
1.060000000000000000e+02
1.430000000000000000e+02
1.530000000000000000e+02
1.630000000000000000e+02
1.640000000000000000e+02
1.700000000000000000e+02
1.770000000000000000e+02
1.830000000000000000e+02
1.940000000000000000e+02
1.960000000000000000e+02
2.210000000000000000e+02
2.240000000000000000e+02
2.250000000000000000e+02
2.610000000000000000e+02
2.630000000000000000e+02
2.720000000000000000e+02
2.880000000000000000e+02
2.920000000000000000e+02
3.000000000000000000e+02
3.040000000000000000e+02
3.060000000000000000e+02
3.150000000000000000e+02
3.270000000000000000e+02
3.370000000000000000e+02
3.390000000000000000e+02
3.570000000000000000e+02
3.610000000000000000e+02
3.820000000000000000e+02
3.940000000000000000e+02
3.960000000000000000e+02
3.990000000000000000e+02
4.100000000000000000e+02
4.220000000000000000e+02
4.300000000000000000e+02
4.320000000000000000e+02
4.640000000000000000e+02
4.750000000000000000e+02
4.780000000000000000e+02
4.850000000000000000e+02
5.060000000000000000e+02
5.110000000000000000e+02
5.230000000000000000e+02
5.320000000000000000e+02
5.400000000000000000e+02
5.410000000000000000e+02
5.510000000000000000e+02
5.650000000000000000e+02
5.850000000000000000e+02
5.890000000000000000e+02
5.900000000000000000e+02
6.300000000000000000e+02
6.360000000000000000e+02
6.480000000000000000e+02
6.650000000000000000e+02
6.710000000000000000e+02
6.850000000000000000e+02
6.890000000000000000e+02
6.950000000000000000e+02
6.970000000000000000e+02
7.050000000000000000e+02
7.090000000000000000e+02
7.140000000000000000e+02
7.250000000000000000e+02
7.300000000000000000e+02
7.480000000000000000e+02
7.670000000000000000e+02
7.830000000000000000e+02
7.880000000000000000e+02
7.920000000000000000e+02
7.980000000000000000e+02
8.060000000000000000e+02
8.090000000000000000e+02
8.390000000000000000e+02
8.420000000000000000e+02
8.530000000000000000e+02
8.580000000000000000e+02
8.680000000000000000e+02
8.690000000000000000e+02
8.830000000000000000e+02
8.940000000000000000e+02
9.030000000000000000e+02
9.040000000000000000e+02
9.350000000000000000e+02
9.450000000000000000e+02
9.470000000000000000e+02
9.560000000000000000e+02
9.710000000000000000e+02
9.850000000000000000e+02
9.910000000000000000e+02
9.920000000000000000e+02
